11000000000000000101000000000000
00000000000000011000100101000000
00110000000000000000000000000000
00000000000000000000100110000000
10000000100001101000000010000000
00100110000111101000100010000000
00100000000000001000000000000001
00000100000000000000000000010000
00000011001010000000001001010000
00000000000000000000000000001000
00000000000010000100000000010001
00000000000000000000010000000000
01000000000000100000000010010011
10100000000100000100000000001100
00000101000000000000100010000000
01010000000000011000000010000001
00000001000000100010000000010011
10000000011000100010100000000000
00010000000000000000100000000000
01001000100000010000000000010001
00000000010010010101000011001000
00000010000000000000000000000000
00000000110000000000000000000000
00000000000000010000010010001000
10000001000011111000000100000000
00100000010000100000000000000000
00000000000010000000000000000010
01000100000000000000010000100000
00001000000000010000000000000000
10100000000100000010000000010000
01000000000000000000001000000000
00000000001000000000000000000001
00100100000000000000100000010000
01000000001000000000000110000000
00010000000000000000000000100110
01100000000000000000000010010000
00001000000000000100000000001001
00000000011001110000000000010000
00001010010000000000010000110000
01101000000000000000000000000000
00100000000010100010001000000100
00000010000000010000000110000000
00000100100000101100000000000000
00000000000000001010000000100000
00000011010111000000000000000001
01001001000000010000000000100000
00000001001000000000000011101000
10000001001000010001000001001000
00010000000100000000000001100000
11000000000000000001010000000000
00000100100000000000000000000000
10100000010000000011001000000100
00001100100000100010100000000000
00001010000000000000000001000000
00100010001000000000001110000010
00000001000000000000001000000000
00000000001000000000000000100000
00001000000000000000000100010000
11000101000000101100000000000000
00000010001000000000000010010000
00000000100000100000000000000100
00000000000010000000001000100000
00000000001000010000100000010000
00010100000000000000000000000000
00000000000000000001000000000000
00000000000000000000100000000000
00000000001000010000101000000000
11000001000000000000000000110010
01001001000100001000000000000111
10000010001010000110001000000000
01000011100000000100001000100000
00000000000000000000000100000000
01000000001001110000000001101001
00000000001000100000000000000011
00001000011000000000000000000000
00011100000000000000000000000011
11100010100000010000000000000011
00010000000000001000000100000010
00000000000100000100000000100010
00010000000001000000001010000101
00001001000000000000100000000000
00000001010001000000000000010001
00000100001000000000011000000000
00000110010000000001000001010101
01000100000000010001000000000000
00000000000000000000000000000000
00010010010000101000000000100000
00010011000000010010000000001100
00001000000000010000000101001000
00101001000010001011010001010000
01000000000010000000001000001000
00000000000000000000000001000000
10110000000000010000000000000000
00000111000000000001000001010100
10010010000001000000000000100000
00000000000000001000010001000000
00000011010001001100000000010110
00000010000010000000000000000100
00000000000100000100000011000000
10011000000010000000001000100011
00000000011000010001001000000000
11000000000000000000000000000000
00110010000000000010000000100000
00000000110000000100000000111010
00010000100000000000010000010000
00010000010000000100000000000000
00000110000000001100000000000000
00000000000000000000000000000000
00000100010000000000000010001000
00100000100000000001100000001000
00000000000000000000000000000100
00010001000000000110000010001010
00000000000000000010000000000000
00000000000000000000000000100100
00000010001000000001100011000100
00000101000000000000000010000000
00000000000000010000001000010000
00001000000000000000000000100000
00000000000000000000000000000001
00000000000000000000000010000000
11000000000001000100000001010001
00000010100100000000000010011000
00000000000000010001000000000000
00000010000000000000000000011000
01000110000001000000010000010000
00001110010000000001100100100000
00001100001000100011000100001000
00001000000000000000000000000000
10000010000000000000100000000000
00000000000000101000000000000100
00001000010000001000001000000000
00110100000000000000010000010000
11010001000000000010000100000010
00011010000000100000001011010000
00000000001000100000000000100000
00000001000001000000000000000011
00001000000001000001000110000100
00100000001000100011000000010000
00000000000000001000000000000001
00000000000000000000010000100000
00000010100000010000000000000000
00000100000000010100000100000000
00000000000000010000000000001000
00000000001100101000100000000011
00000000010000001100100100000000
10000010010000001001000000000000
00000000100000000000000000000000
01000000000010010000000000000001
10000010000000000000000100010000
00001010000000000000000000010000
10000000000000000000000100000000
10001000000000000000100000010000
01011000000000000000000010000010
00000000000000100000010000000001
00010000000000010000100000000000
00000000000000010010000001000000
00000000000000001000000010000000
00000010100000000001100101001100
00000000010000000000001001000000
00000001000010000000000000000000
01000000000000000001011000100000
00000000001000000100000101010011
10000000001000000000100000100001
00000000000000000010001000000000
00000000000101000001001100010001
00000000000100000001000000010001
00100010100000001100000000000000
00000100100000000000000000000000
00001001000000000000001000000000
00000000100001010100000010100100
00010000000000100000010000000100
00100010111000000000000000000000
00000000000000000010000000000000
00000000000000000010000001000000
00110100000100000000000000000000
00100000000000000000100000010000
00001001000000000000000100000000
00010100000100100000000010000000
00000000000000000001000001000000
00000000000000001100010000000000
00000000000000001000000000000000
01000000000000000101100010001000
01000000011000010000000010100000
01000000000000000010000010000001
00000000100000000101000000000000
00000000000000001000000000000010
10001000000000010000000000000001
00000000101000010000010000000001
00000001000001000000100000000011
00001000000001010000000000011000
00000000000000000000010000001100
00000000010100000001000001000011
00000000010000000010000000010001
00100000000000000000000001000000
00000100000000000000001000000100
00000000000000000001010001000000
00010100000000000000001000000000
00000010000001100100001000000000
00000000000000000000000000010000
00000000000000001000000100000000
01001001000100001010100010001010
00000000000001100010000000000000
00000000000000000000000000010000
00100000000001000000000010010000
00000000000000100000000001000100
00000010000000000000000000000100
10100000010000100000000000000000
00000010000001000000000100000000
00100000000100000000001000100001
00000000000000010000000000000001
10000001100000100010000000000000
00000000000000111000000010000000
00100000000000001010010000000010
00010000010100100000000000000101
00000000000001000000001000100000
10000000101001000000000001000000
10000000001000000000001010100001
00010000001000000000000001001000
00001000001000000000000000010000
10000001000100010100010000000000
00001001000000000000000100000001
10100000000001000000000110101000
00000000100000000000100000000000
00000100100000000100000000010000
00000000001000000000000000000000
00000000000000000000010000000000
10000000000101000100001101000000
00001000000000000000110000110001
10011100000000000000010100000000
00000001000100010000000100000000
00000100100000010010100000001000
10000000000000100000010000001010
00000001000000100000000000000000
00000000100000000000100000100010
01000000010000000110001000000000
10010000001000000011000000000000
00000000010000100100100000000000
00000100000000000000010000100000
01000001000000000000000000000100
00000001000000010000001100010000
10100000000001000001100000000000
00000000000000010000000100000100
00011000101000000100000000001000
10000100000001100000000001000000
00000101000000000000000000000000
00000000000001000000000000101000
00000000001001000000000000000000
00000000001000100010000100000000
00100000001100000000000000000000
00011001010000000001000000000100
01000000000100000000000000100000
01000100000100000000000001000000
00000000010000110100000000000000
01100010100000010000000000000000
00000000000000000100000000000100
00000000100000000001000100000000
00010000000000001001000001000000
00000010100001000000100000000100
00000000000000100000000000000000
00000000000010000010001000000000
00000000000000000100000100100000
00110000000000000001000000000010
01010000000000000000000000000010
00000000000100000000000000100100
01000010010000000000000000110010
00001100001000000000000000010010
00000001010000010000000000000000
00000000000001000000100000000000
01000000110000010000000000000100
00000100000000000000100000010000
00000000000000000000000000000001
01001000000001000000011000010000
00000100001000000001000100000000
00000000000000000110010010000000
01000000010000110000011000000001
10010010000000000010000000001000
00000000011000001000010100000000
00000000000000000000000010000000
01000100000000101000011000010001
00001001000000000000000000100100
01000000000001100000000000000100
00000000000000000000000000000001
00000000000100000000001000000001
00100000000000000000000000000100
00000000000010000100001000000000
11010000000001000000000000000001
00010001000100000000000000000010
11000000110010000000010000111110
00000000000000000000000000011000
00000000100100000000000011000000
00010110000000000000001000000000
00000000000001000000001000000001
10100000010000000001000000000001
00000000000001000000000000100100
00000100000000000000001000000100
00100000000010000000000100010000
10010000000100000000000001000000
00000000000010000000000010001000
00010000100000000010000000000000
10000000000010000000000000000000
00000100000000000000000000000000
00000110100011100000000000100000
00000000000000010000000100000000
00000000000000100000000001100000
00110001000101000000010000000000
00000000010100000000000000010000
00000000001000000000000000000000
00010000001001000010001000000000
11100100000000000000001001000000
00100010000000001000110100010001
00000000000010111000000000001000
01100000110001000000000000000000
01010000001000000010001000110000
00000010000000000101000000000000
00000000000000000000101000001000
00000011000000001000000000101000
00010000000000000000000100000000
00000000000000010000000010000110
00000000100000000101001101010100
00000100000011000000000000000000
00000100011000000000100100000000
00000000000000010000000010000000
00001000000000000000000000001001
00000000000000000000101000000000
00000000000000001000000000000001
00000000101010000000000000100000
10000000000000000000000000000000
10000000000000000100000000000000
00000010000010001000000000000001
00100001000010000010000000000000
00010000000000000001000000001000
00000010001010000000000000000000
00000001000000100000001000001100
00000010000001000000100000000001
00010001000010001000101000000000
00000100000000000010010000010010
00100000000100001000010000000000
00000000000000100000000000010001
00000001111001110100000110000011
00000000000010000000001000000100
00000000000100000000110000000000
00000000000100000000100000000000
01000100100000100000010000000000
00010001100100100010000000000000
00000001000011000010000000000010
00000000010100010000000000000010
10000000000001000000000010000110
00000000000010000010000000000001
00000000000001100000000010001000
01000000100000010110010001100010
00010000000000000000000100000001
00000000000000000001100000000000
00000000000000000000000000000000
01110110000001000000000111000000
10000000000010000000000010001100
00000100000000000110000000000000
00000010001100001000000010000000
00000000000000000010000000000001
00010000010000000000000000001010
00000000000100000000000010101000
00100000000000001001000000010010
01000000000000010000000100010000
00000001000000000000000000000100
01000001000000000000000010100100
00000000000000010101000000001000
11010000000000000000000000000000
10000000000010000000000010001100
00000000000000001001000000000000
00000000000000100111000000010000
10000000011100001000001000010100
00000000001011000000110000000000
01000000000000000100011000010000
00000100000000100000000010000000
00000000101000000000000000001001
00000001000000010110000000000010
00000000000000000000101000000100
00100000100000000000001010000000
01000000000000000000000010000000
00001100001011000000000000011000
00110000000001001000000010000000
00110000000001000000000000000000
00000000000110000000010100000000
00010100000001000000000000001000
10000000000000000000110100000100
00000000000010000000000000000100
01000000100010000000001001001100
00010000000000001001010000000000
00000000000110000000000010100000
00000000000000000000000110010000
10000000000000000000000000000000
00000000000000000000001000010000
00000000100000000100000000000001
10000000100000000000000000000101
00000000000111000000000000100000
00000000000100000000000010000000
10000000011100000001000000100100
00100100000000001000000000001100
00010000001000000001000000000000
00000000000100000100000000000100
01100101000100000000100000000000
10010000000100011010000000000010
00010000001000000000000000000100
01000000000000000001000000001000
10001110000000000000000100001000
00000010100001101000000000000010
00000011000000000100000000000000
10010000010100000000000000000000
00000001000000011101000000100000
00001000000000100100001001000000
00000110001000000000000000010000
00000000000001000000000100000001
00000010000000000010001000000000
00001100000000110010000000010001
00010000000000000000100001110000
00001000011000000000001100000001
10010010000101011000100000000000
00011100100110010001000100001000
00001000111000000000000000000000
00000010000000000001100000000000
00000010000000001000000000100000
00000100000000000001000100100011
10000000000010110010001101000000
00000000000000000010000000000000
11100000000000100000000001000000
00001000000000000010000000000000
00000000000000100100010000000100
00000000000000000000000000000000
00001000100000000011000000000000
00000011010000000000000011100000
00001011000011000000000100000100
01001000000000100000000000100000
00000010000000000000000000000000
00000000000000001000000011000000
10000001000000000000000000000001
00100000001010000000000010000001
10000010000000100001000001000100
00000100000010000000000000000000
01000000000100100010000000100111
00000000000000000000100000000000
01010000100000000000000000000000
00100000100100000000000000001000
00000000100000000011000000010000
11010001000000100000001000000010
00000000000000000010000001000000
10011001111100000100010000000000
10001000100001000000000000010001
00000010000001010000000001100000
00000001000000001001000000100000
00000101000000000010000010001000
00010000000101000000000001000000
00001010100001000000001001100000
00000000000000000000000000101000
00000000000000101000000000100000
00000000001000000000000000000000
00100000001000010000000000000000
00011000000000000001000000000000
00000000010001010010010011000000
00001100001000000000100000000000
01000000000000010000010000000000
00000000000001000010000010001001
00000000010010000000000001000000
10000000000000000100000000000000
01000000011000000000001001000100
00001000001000000000010000000000
00000100000001001010110000000000
00000000000000000001000000100000
00000000010010100100000000100000
00000000100000001000000010000000
10000001000000010000000000010000
00001100010000000000000010000010
00000000000000000000100000000000
00000000000000000000000000000000
10000000001001000000000110010001
00000001000000000000001000000000
00000110000000001000100000000000
00001000000000010000000000001001
00000011010000000000100100001000
00100000000000000010000000010000
00000000000100000000001100000000
00000000000000100000000000100000
00000000000000001000001000000000
00000000010000000100000000000001
10000010100000000000000000000001
00101000010100000010000000000010
00000000001100010000000011000000
00000000000100000000100000100000
01011000100000000100000000000000
00000000001000000000000100010000
00000110000000010000110000000000
00000000000000000000000000000001
00000100000100000000000000010000
00000001000000000000000010000000
10001000001000000000000000000000
00000010000000000000100000010010
01001000000000000000000000100001
00100000000000011100000000001000
00000000001001000000001000100000
00000000000001000000000001000010
00000000100000000000000000000000
00000110010000000000000100000000
00001000000000010000000000000000
00000001000000010000000100001000
01000000000000010100000000010000
00000000100000100000000000001000
01010001010010010000001000000000
00000000100000000000000000000000
